# time	avg1_10	std1_10	avg2_10	std2_10	corr_10	avg1m_10	std1m_10	avg2m_10	std2m_10	corrm_10
0.000000	0.000000	0.000000	0.000000	0.000000	-0.209964	0.000000	0.000000	0.000000	0.000000	0.124690
1.000000	0.691000	0.800949	0.679000	0.774570	0.003695	0.695000	0.808687	0.708000	0.784051	0.196416
2.000000	1.258000	1.033168	1.308000	1.033990	0.029779	1.293000	1.080348	1.270000	1.029126	0.226163
3.000000	1.752000	1.187643	1.769000	1.153967	0.239253	1.765000	1.232792	1.755000	1.199573	0.089660
4.000000	2.173000	1.293472	2.207000	1.255449	0.527664	2.131000	1.335604	2.184000	1.296975	0.072921
5.000000	2.529000	1.401841	2.537000	1.325380	0.201923	2.516000	1.416243	2.535000	1.359697	0.196587
6.000000	2.802000	1.465877	2.833000	1.370077	-0.195134	2.862000	1.432116	2.846000	1.412191	0.225611
7.000000	3.040000	1.533754	3.094000	1.439154	-0.024289	3.073000	1.449024	3.083000	1.470412	0.355940
8.000000	3.260000	1.528529	3.235000	1.446297	0.406532	3.260000	1.460274	3.299000	1.524336	0.389786
9.000000	3.394000	1.540378	3.410000	1.477126	0.017746	3.474000	1.472863	3.477000	1.538009	-0.059550
10.000000	3.572000	1.529973	3.547000	1.489225	0.227023	3.593000	1.507100	3.575000	1.570470	-0.114826
11.000000	3.714000	1.552483	3.665000	1.517490	0.087986	3.731000	1.540986	3.696000	1.545828	-0.128035
12.000000	3.820000	1.568949	3.719000	1.515269	0.404189	3.912000	1.554431	3.798000	1.577085	0.341642
13.000000	3.897000	1.562175	3.798000	1.548934	0.001016	3.971000	1.557613	3.905000	1.564601	-0.094259
14.000000	3.913000	1.547072	3.861000	1.574700	-0.209559	4.012000	1.575391	3.977000	1.576220	0.063410
15.000000	3.960000	1.566014	3.906000	1.559219	-0.048172	4.039000	1.584134	3.993000	1.592781	0.128878
16.000000	3.986000	1.574739	3.988000	1.587405	0.153857	4.079000	1.567405	4.049000	1.583224	0.327674
17.000000	4.017000	1.546839	4.017000	1.590821	0.160589	4.170000	1.566238	4.091000	1.581998	-0.088011
18.000000	4.041000	1.556059	3.987000	1.541049	-0.260701	4.188000	1.568648	4.105000	1.570979	0.133120
19.000000	4.037000	1.507193	3.967000	1.529023	0.238049	4.187000	1.568449	4.122000	1.548908	-0.193154
20.000000	4.038000	1.528580	3.990000	1.543341	-0.233963	4.184000	1.557608	4.126000	1.527129	0.203917
21.000000	3.993000	1.561074	3.996000	1.568434	0.345625	4.132000	1.591407	4.150000	1.528888	0.315603
22.000000	3.971000	1.538882	3.972000	1.540525	0.016958	4.111000	1.583881	4.152000	1.524761	0.175148
23.000000	3.963000	1.519747	3.968000	1.559800	-0.009332	4.061000	1.577745	4.128000	1.528926	-0.001438
24.000000	3.957000	1.502382	3.970000	1.592200	-0.059375	4.017000	1.578199	4.163000	1.532459	0.366903
25.000000	3.991000	1.516219	3.965000	1.581068	-0.142196	4.040000	1.608229	4.139000	1.554245	0.023669
26.000000	3.961000	1.532148	4.033000	1.590569	0.423809	4.007000	1.554011	4.152000	1.568087	0.198328
27.000000	3.940000	1.541558	4.030000	1.561762	0.229159	4.031000	1.589981	4.120000	1.588584	0.164395
28.000000	3.977000	1.545468	4.036000	1.582626	0.117849	4.050000	1.599219	4.106000	1.557807	0.195446
29.000000	3.978000	1.558690	4.028000	1.586574	-0.121052	4.063000	1.575129	4.083000	1.551164	0.213725
30.000000	4.008000	1.558825	4.042000	1.586895	-0.021638	4.036000	1.562915	4.065000	1.543624	-0.048774
31.000000	4.042000	1.556353	4.003000	1.574481	0.416526	4.059000	1.580354	4.043000	1.575167	0.047179
32.000000	4.046000	1.532281	4.008000	1.557542	0.154400	4.022000	1.554193	4.019000	1.561614	-0.167031
33.000000	4.018000	1.509860	3.991000	1.533271	0.056290	4.060000	1.523942	4.057000	1.579795	0.011317
34.000000	4.047000	1.535836	4.002000	1.547901	0.074957	4.063000	1.525461	4.045000	1.520189	0.136622
35.000000	4.036000	1.518784	3.954000	1.596209	-0.007596	4.035000	1.522424	4.011000	1.524755	0.093283
36.000000	4.019000	1.504872	3.906000	1.573265	0.141405	3.997000	1.533946	3.986000	1.517170	-0.192786
37.000000	3.990000	1.517860	3.903000	1.567033	0.134368	3.966000	1.566156	3.993000	1.513589	0.054976
38.000000	3.958000	1.479945	3.897000	1.558330	-0.032418	3.986000	1.569014	3.974000	1.524901	0.118625
39.000000	3.963000	1.498543	3.885000	1.549121	0.104106	3.972000	1.602877	3.950000	1.544506	-0.249813
40.000000	3.943000	1.540698	3.890000	1.571592	0.137709	3.939000	1.581543	3.944000	1.570625	-0.223096
41.000000	3.929000	1.553692	3.850000	1.551612	-0.249880	3.900000	1.564609	3.896000	1.591598	0.341183
42.000000	3.951000	1.543567	3.831000	1.538323	0.099549	3.901000	1.564353	3.900000	1.577973	-0.250829
43.000000	3.896000	1.548284	3.838000	1.557484	0.100712	3.934000	1.549724	3.914000	1.612639	-0.015110
44.000000	3.922000	1.557535	3.853000	1.563775	0.208461	3.904000	1.548155	3.897000	1.593233	0.248868
45.000000	3.893000	1.550984	3.844000	1.525668	-0.062857	3.904000	1.557172	3.887000	1.583108	-0.028216
46.000000	3.914000	1.514135	3.863000	1.535002	-0.023187	3.909000	1.533858	3.859000	1.566244	0.122662
47.000000	3.902000	1.551256	3.860000	1.547385	-0.354627	3.897000	1.535054	3.875000	1.598554	-0.148958
48.000000	3.869000	1.567112	3.875000	1.561209	0.201954	3.877000	1.540088	3.854000	1.594580	-0.069598
49.000000	3.929000	1.570974	3.856000	1.535990	0.316284	3.877000	1.542683	3.919000	1.568579	0.345110
50.000000	3.920000	1.558717	3.784000	1.534713	0.069494	3.842000	1.563021	3.919000	1.558345	0.368810
51.000000	3.891000	1.526145	3.818000	1.569355	0.090817	3.827000	1.561112	3.936000	1.540099	-0.116082
52.000000	3.870000	1.553416	3.821000	1.562997	-0.065619	3.807000	1.589261	3.946000	1.501694	0.017257
53.000000	3.865000	1.578219	3.792000	1.566760	0.068115	3.846000	1.618111	3.925000	1.499125	-0.090794
54.000000	3.898000	1.583539	3.814000	1.575247	0.293680	3.823000	1.629623	3.902000	1.516046	-0.111681
55.000000	3.876000	1.564169	3.804000	1.541293	0.226241	3.815000	1.589583	3.895000	1.521833	0.110291
56.000000	3.858000	1.595568	3.788000	1.515604	0.252257	3.823000	1.578503	3.893000	1.556133	0.189688
57.000000	3.827000	1.578946	3.796000	1.488752	0.004117	3.846000	1.564060	3.875000	1.566325	0.252839
58.000000	3.817000	1.587927	3.814000	1.509107	-0.020547	3.844000	1.582297	3.837000	1.551912	0.139460
59.000000	3.789000	1.562843	3.777000	1.527505	0.096998	3.846000	1.567254	3.842000	1.528737	-0.074111
60.000000	3.769000	1.554233	3.761000	1.534887	0.221988	3.882000	1.579264	3.804000	1.535443	-0.067507
61.000000	3.752000	1.557721	3.761000	1.525083	-0.129401	3.871000	1.571101	3.789000	1.559641	0.302239
62.000000	3.705000	1.551121	3.750000	1.540617	-0.226644	3.855000	1.556270	3.760000	1.569204	-0.141394
63.000000	3.706000	1.575298	3.718000	1.510787	0.200609	3.828000	1.541563	3.761000	1.584891	0.372470
64.000000	3.731000	1.597072	3.711000	1.522327	0.156323	3.797000	1.584232	3.791000	1.605403	-0.053311
65.000000	3.699000	1.583793	3.677000	1.545533	0.019301	3.816000	1.526481	3.809000	1.579405	-0.171839
66.000000	3.730000	1.543081	3.679000	1.591213	0.063691	3.823000	1.531558	3.831000	1.576210	0.209482
67.000000	3.729000	1.528908	3.649000	1.551064	0.069077	3.820000	1.545833	3.794000	1.583529	0.213037
68.000000	3.744000	1.507469	3.671000	1.564212	0.404380	3.819000	1.567877	3.781000	1.592181	0.174341
69.000000	3.732000	1.522556	3.694000	1.595106	0.311412	3.806000	1.556395	3.746000	1.576542	0.050328
70.000000	3.734000	1.550240	3.667000	1.589374	0.216997	3.783000	1.567773	3.733000	1.557469	0.138473
71.000000	3.791000	1.530790	3.667000	1.584964	0.003885	3.792000	1.577573	3.723000	1.551216	0.325709
72.000000	3.780000	1.554220	3.670000	1.588427	0.013045	3.788000	1.560467	3.692000	1.558569	0.397319
73.000000	3.781000	1.527429	3.678000	1.607581	-0.221516	3.798000	1.553446	3.662000	1.551050	-0.067829
74.000000	3.724000	1.519811	3.683000	1.586351	0.187666	3.773000	1.561240	3.684000	1.585605	0.529084
75.000000	3.747000	1.575751	3.648000	1.580537	-0.030065	3.739000	1.537816	3.687000	1.559176	0.009958
76.000000	3.780000	1.560641	3.677000	1.615138	0.016329	3.775000	1.523278	3.675000	1.552860	0.048760
77.000000	3.729000	1.575931	3.677000	1.607691	0.157542	3.798000	1.543760	3.655000	1.571615	0.369239
78.000000	3.730000	1.605335	3.629000	1.581569	0.033634	3.769000	1.555519	3.636000	1.580982	-0.011334
79.000000	3.687000	1.564299	3.626000	1.581810	0.392857	3.711000	1.552250	3.652000	1.572544	-0.312143
80.000000	3.708000	1.556514	3.616000	1.605785	-0.151995	3.699000	1.580632	3.645000	1.615232	0.533180
81.000000	3.727000	1.537684	3.622000	1.590948	-0.027179	3.658000	1.557253	3.653000	1.582590	0.184922
82.000000	3.682000	1.528684	3.590000	1.558172	-0.015085	3.650000	1.577815	3.621000	1.594791	0.100431
83.000000	3.653000	1.560318	3.599000	1.555056	-0.142572	3.668000	1.554920	3.574000	1.648188	-0.065866
84.000000	3.667000	1.532355	3.538000	1.523993	0.094898	3.672000	1.525259	3.552000	1.606019	-0.020899
85.000000	3.705000	1.565878	3.573000	1.524031	0.570411	3.661000	1.576730	3.553000	1.614680	0.202504
86.000000	3.722000	1.588935	3.568000	1.500459	-0.094773	3.661000	1.568464	3.552000	1.598529	0.252500
87.000000	3.716000	1.564399	3.600000	1.502664	0.174411	3.637000	1.505068	3.540000	1.564097	0.162290
88.000000	3.712000	1.592814	3.571000	1.488274	0.284885	3.670000	1.526794	3.583000	1.568793	0.326188
89.000000	3.712000	1.589672	3.589000	1.511979	0.209582	3.643000	1.540633	3.579000	1.601799	0.223764
90.000000	3.712000	1.595950	3.589000	1.533649	-0.118514	3.648000	1.527775	3.587000	1.586326	-0.058415
91.000000	3.682000	1.603395	3.587000	1.518694	-0.114030	3.638000	1.527402	3.605000	1.579549	0.147032
92.000000	3.644000	1.596641	3.582000	1.521603	0.159533	3.631000	1.533245	3.541000	1.590698	0.240853
93.000000	3.632000	1.580056	3.542000	1.535655	0.386278	3.648000	1.569744	3.593000	1.594162	0.314166
94.000000	3.622000	1.587172	3.570000	1.546318	-0.121054	3.632000	1.527932	3.575000	1.548023	0.112486
95.000000	3.636000	1.603591	3.577000	1.558868	0.356771	3.641000	1.499373	3.596000	1.572509	0.083606
96.000000	3.608000	1.578080	3.585000	1.544919	-0.131975	3.646000	1.510193	3.573000	1.581351	-0.206261
97.000000	3.559000	1.512785	3.553000	1.537918	0.001313	3.664000	1.517598	3.605000	1.541744	0.195555
98.000000	3.560000	1.527874	3.556000	1.565524	0.285540	3.638000	1.514251	3.583000	1.550842	0.234575
99.000000	3.526000	1.522933	3.590000	1.567131	0.521760	3.600000	1.531666	3.587000	1.544160	-0.014809
100.000000	3.509000	1.501306	3.542000	1.570425	0.000000	3.597000	1.536421	3.567000	1.534116	0.000000
101.000000	3.528000	1.499072	3.543000	1.586868	0.000000	3.564000	1.503298	3.604000	1.518283	0.000000
102.000000	3.555000	1.529371	3.539000	1.562843	0.000000	3.594000	1.534003	3.589000	1.521210	0.000000
103.000000	3.568000	1.517029	3.499000	1.588080	0.000000	3.558000	1.528606	3.602000	1.552931	0.000000
104.000000	3.581000	1.526905	3.505000	1.543365	0.000000	3.538000	1.485448	3.658000	1.530698	0.000000
105.000000	3.568000	1.553504	3.501000	1.513274	0.000000	3.521000	1.471584	3.661000	1.529732	0.000000
106.000000	3.560000	1.543503	3.534000	1.528674	0.000000	3.559000	1.500839	3.640000	1.533101	0.000000
107.000000	3.554000	1.559835	3.523000	1.505148	0.000000	3.573000	1.520747	3.659000	1.518789	0.000000
108.000000	3.562000	1.538881	3.510000	1.498633	0.000000	3.551000	1.566333	3.659000	1.527979	0.000000
109.000000	3.557000	1.578845	3.549000	1.483105	0.000000	3.524000	1.534087	3.639000	1.544241	0.000000
110.000000	3.536000	1.545543	3.562000	1.521892	0.000000	3.539000	1.523968	3.595000	1.537848	0.000000
111.000000	3.541000	1.544124	3.565000	1.526360	0.000000	3.538000	1.537061	3.583000	1.509672	0.000000
112.000000	3.608000	1.527199	3.551000	1.528855	0.000000	3.481000	1.564493	3.607000	1.533151	0.000000
113.000000	3.565000	1.533550	3.546000	1.509928	0.000000	3.469000	1.558537	3.586000	1.561603	0.000000
114.000000	3.538000	1.539011	3.513000	1.525068	0.000000	3.531000	1.572590	3.595000	1.565559	0.000000
115.000000	3.542000	1.562125	3.520000	1.536099	0.000000	3.530000	1.557273	3.583000	1.526798	0.000000
116.000000	3.540000	1.525910	3.521000	1.522353	0.000000	3.505000	1.568431	3.576000	1.540203	0.000000
117.000000	3.542000	1.573606	3.541000	1.542828	0.000000	3.489000	1.565209	3.568000	1.552216	0.000000
118.000000	3.563000	1.596882	3.516000	1.523071	0.000000	3.473000	1.521601	3.567000	1.522337	0.000000
119.000000	3.543000	1.584346	3.533000	1.561061	0.000000	3.448000	1.530129	3.585000	1.506909	0.000000
120.000000	3.526000	1.592898	3.550000	1.550323	0.000000	3.451000	1.568311	3.589000	1.540805	0.000000
121.000000	3.548000	1.554894	3.567000	1.571468	0.000000	3.459000	1.572361	3.560000	1.533754	0.000000
122.000000	3.523000	1.536057	3.572000	1.579499	0.000000	3.483000	1.589249	3.591000	1.505895	0.000000
123.000000	3.522000	1.536072	3.503000	1.550481	0.000000	3.466000	1.559758	3.548000	1.527644	0.000000
124.000000	3.536000	1.527974	3.495000	1.547248	0.000000	3.492000	1.529685	3.521000	1.532827	0.000000
125.000000	3.536000	1.513507	3.465000	1.527342	0.000000	3.491000	1.524441	3.496000	1.513930	0.000000
126.000000	3.529000	1.551502	3.490000	1.569681	0.000000	3.492000	1.529685	3.543000	1.542125	0.000000
127.000000	3.545000	1.580498	3.508000	1.562670	0.000000	3.463000	1.520076	3.558000	1.559691	0.000000
128.000000	3.543000	1.580554	3.526000	1.536660	0.000000	3.465000	1.504252	3.542000	1.558280	0.000000
129.000000	3.534000	1.587087	3.542000	1.488703	0.000000	3.468000	1.542393	3.567000	1.528238	0.000000
130.000000	3.499000	1.600000	3.549000	1.507846	0.000000	3.480000	1.518420	3.602000	1.547125	0.000000
131.000000	3.527000	1.601022	3.554000	1.560476	0.000000	3.514000	1.561347	3.567000	1.515094	0.000000
132.000000	3.547000	1.573465	3.582000	1.529469	0.000000	3.486000	1.547192	3.559000	1.527913	0.000000
133.000000	3.528000	1.545062	3.565000	1.538758	0.000000	3.483000	1.521746	3.564000	1.568408	0.000000
134.000000	3.536000	1.498901	3.522000	1.550328	0.000000	3.498000	1.547901	3.555000	1.598429	0.000000
135.000000	3.559000	1.494162	3.535000	1.567410	0.000000	3.491000	1.549813	3.547000	1.628432	0.000000
136.000000	3.560000	1.510099	3.550000	1.543211	0.000000	3.495000	1.579232	3.515000	1.561338	0.000000
137.000000	3.540000	1.526565	3.555000	1.550153	0.000000	3.515000	1.569004	3.480000	1.547126	0.000000
138.000000	3.467000	1.504962	3.515000	1.531592	0.000000	3.484000	1.551046	3.472000	1.559877	0.000000
139.000000	3.457000	1.494038	3.541000	1.552520	0.000000	3.514000	1.547838	3.468000	1.577015	0.000000
140.000000	3.430000	1.472786	3.523000	1.573998	0.000000	3.463000	1.537736	3.448000	1.589747	0.000000
141.000000	3.417000	1.484962	3.527000	1.594136	0.000000	3.450000	1.539968	3.503000	1.594989	0.000000
142.000000	3.414000	1.470579	3.490000	1.601218	0.000000	3.416000	1.528052	3.518000	1.580404	0.000000
143.000000	3.436000	1.475095	3.443000	1.568040	0.000000	3.451000	1.560000	3.527000	1.592253	0.000000
144.000000	3.441000	1.496168	3.448000	1.499098	0.000000	3.434000	1.604881	3.512000	1.605570	0.000000
145.000000	3.424000	1.520600	3.431000	1.489711	0.000000	3.407000	1.599172	3.510000	1.576039	0.000000
146.000000	3.436000	1.562019	3.435000	1.490562	0.000000	3.432000	1.591030	3.490000	1.550452	0.000000
147.000000	3.456000	1.551149	3.457000	1.488002	0.000000	3.409000	1.551038	3.459000	1.506758	0.000000
148.000000	3.455000	1.542068	3.416000	1.477479	0.000000	3.425000	1.549960	3.454000	1.512575	0.000000
149.000000	3.484000	1.557480	3.427000	1.460367	0.000000	3.431000	1.566920	3.432000	1.519005	0.000000
150.000000	3.452000	1.555537	3.438000	1.484640	0.000000	3.452000	1.544570	3.422000	1.498638	0.000000
151.000000	3.476000	1.562506	3.447000	1.484989	0.000000	3.422000	1.558819	3.426000	1.486110	0.000000
152.000000	3.498000	1.575435	3.442000	1.501545	0.000000	3.431000	1.554104	3.486000	1.507250	0.000000
153.000000	3.518000	1.572156	3.440000	1.491442	0.000000	3.452000	1.606766	3.474000	1.485707	0.000000
154.000000	3.500000	1.560769	3.437000	1.493998	0.000000	3.485000	1.596801	3.470000	1.491006	0.000000
155.000000	3.508000	1.547235	3.431000	1.513684	0.000000	3.490000	1.604338	3.464000	1.502899	0.000000
156.000000	3.542000	1.578682	3.430000	1.465299	0.000000	3.445000	1.581447	3.502000	1.545314	0.000000
157.000000	3.530000	1.567514	3.449000	1.491107	0.000000	3.406000	1.587187	3.491000	1.543994	0.000000
158.000000	3.526000	1.563753	3.440000	1.495460	0.000000	3.398000	1.558074	3.492000	1.515235	0.000000
159.000000	3.570000	1.540487	3.491000	1.500640	0.000000	3.440000	1.538961	3.491000	1.538154	0.000000
160.000000	3.562000	1.555685	3.487000	1.536174	0.000000	3.444000	1.511577	3.483000	1.525028	0.000000
161.000000	3.529000	1.556007	3.477000	1.536708	0.000000	3.444000	1.535208	3.504000	1.530354	0.000000
162.000000	3.550000	1.547094	3.451000	1.537400	0.000000	3.459000	1.556380	3.501000	1.542076	0.000000
163.000000	3.516000	1.557480	3.466000	1.524744	0.000000	3.466000	1.555906	3.525000	1.520321	0.000000
164.000000	3.514000	1.538117	3.490000	1.545283	0.000000	3.471000	1.582769	3.526000	1.523589	0.000000
165.000000	3.520000	1.561282	3.491000	1.524441	0.000000	3.470000	1.567514	3.511000	1.504619	0.000000
166.000000	3.451000	1.579746	3.494000	1.526422	0.000000	3.506000	1.579229	3.519000	1.481094	0.000000
167.000000	3.438000	1.531717	3.512000	1.540732	0.000000	3.474000	1.575857	3.498000	1.485260	0.000000
168.000000	3.438000	1.515307	3.513000	1.539426	0.000000	3.472000	1.561159	3.472000	1.511693	0.000000
169.000000	3.391000	1.499373	3.460000	1.521315	0.000000	3.431000	1.543774	3.466000	1.510908	0.000000
170.000000	3.390000	1.514563	3.472000	1.564358	0.000000	3.456000	1.560149	3.433000	1.524963	0.000000
171.000000	3.371000	1.546402	3.416000	1.533279	0.000000	3.445000	1.560441	3.412000	1.546045	0.000000
172.000000	3.426000	1.535749	3.448000	1.548320	0.000000	3.411000	1.563355	3.388000	1.530835	0.000000
173.000000	3.477000	1.537358	3.437000	1.569086	0.000000	3.404000	1.577588	3.356000	1.541838	0.000000
174.000000	3.463000	1.500210	3.446000	1.552767	0.000000	3.444000	1.562966	3.372000	1.523029	0.000000
175.000000	3.510000	1.515883	3.449000	1.557369	0.000000	3.429000	1.588383	3.348000	1.509601	0.000000
176.000000	3.504000	1.484582	3.491000	1.519184	0.000000	3.421000	1.588005	3.348000	1.537822	0.000000
177.000000	3.495000	1.521833	3.477000	1.536057	0.000000	3.444000	1.571262	3.372000	1.564486	0.000000
178.000000	3.470000	1.573881	3.525000	1.550927	0.000000	3.446000	1.534628	3.400000	1.588081	0.000000
179.000000	3.475000	1.567602	3.493000	1.533607	0.000000	3.417000	1.491010	3.385000	1.602116	0.000000
180.000000	3.482000	1.549089	3.491000	1.555609	0.000000	3.396000	1.506381	3.352000	1.553092	0.000000
181.000000	3.442000	1.540985	3.452000	1.532872	0.000000	3.361000	1.484143	3.353000	1.525907	0.000000
182.000000	3.412000	1.523239	3.448000	1.505090	0.000000	3.379000	1.480324	3.368000	1.559030	0.000000
183.000000	3.449000	1.553512	3.487000	1.502608	0.000000	3.410000	1.509934	3.348000	1.534567	0.000000
184.000000	3.457000	1.540828	3.440000	1.524598	0.000000	3.394000	1.524062	3.359000	1.519908	0.000000
185.000000	3.454000	1.538143	3.441000	1.521354	0.000000	3.389000	1.505217	3.376000	1.483450	0.000000
186.000000	3.512000	1.506604	3.462000	1.532500	0.000000	3.404000	1.472000	3.358000	1.491253	0.000000
187.000000	3.503000	1.503327	3.485000	1.538108	0.000000	3.404000	1.476748	3.382000	1.507341	0.000000
188.000000	3.522000	1.527585	3.480000	1.566397	0.000000	3.393000	1.501516	3.362000	1.531325	0.000000
189.000000	3.491000	1.540753	3.447000	1.587196	0.000000	3.400000	1.536229	3.367000	1.534376	0.000000
190.000000	3.498000	1.539479	3.433000	1.579719	0.000000	3.421000	1.531587	3.398000	1.535447	0.000000
191.000000	3.496000	1.528393	3.463000	1.576271	0.000000	3.428000	1.511561	3.411000	1.517260	0.000000
192.000000	3.539000	1.535083	3.454000	1.561372	0.000000	3.460000	1.514067	3.421000	1.504579	0.000000
193.000000	3.514000	1.513871	3.466000	1.557191	0.000000	3.405000	1.524131	3.415000	1.529959	0.000000
194.000000	3.493000	1.538165	3.479000	1.581632	0.000000	3.432000	1.534723	3.425000	1.557683	0.000000
195.000000	3.491000	1.513909	3.499000	1.558204	0.000000	3.408000	1.556129	3.444000	1.542357	0.000000
196.000000	3.491000	1.490610	3.491000	1.540753	0.000000	3.402000	1.548676	3.454000	1.566488	0.000000
197.000000	3.507000	1.501982	3.481000	1.540662	0.000000	3.440000	1.572387	3.449000	1.599187	0.000000
198.000000	3.492000	1.544648	3.473000	1.489050	0.000000	3.439000	1.583755	3.432000	1.575238	0.000000
199.000000	3.477000	1.558676	3.509000	1.481863	0.000000	3.437000	1.585570	3.397000	1.584737	0.000000
