# time	avg1_30	std1_30	avg2_30	std2_30	avg_corr_30	avg1m_30	std1m_30	avg2m_30	std2m_30	avg_corrm_30
0.000000	0.000000	0.000000	0.000000	0.000000	0.245423	0.000000	0.000000	0.000000	0.000000	0.228204
1.000000	2.128000	1.416198	2.099000	1.384630	0.000000	2.013000	1.372891	2.106000	1.403127	0.000000
2.000000	3.938000	1.880467	3.861000	1.821999	0.000000	3.894000	1.824490	3.839000	1.804184	0.000000
3.000000	5.391000	2.068845	5.340000	2.023957	0.000000	5.370000	2.079687	5.257000	2.098798	0.000000
4.000000	6.557000	2.234894	6.561000	2.197335	0.000000	6.549000	2.296432	6.552000	2.190273	0.000000
5.000000	7.617000	2.354636	7.583000	2.301980	0.000000	7.552000	2.454240	7.666000	2.358059	0.000000
6.000000	8.476000	2.426401	8.371000	2.345498	0.000000	8.500000	2.545977	8.493000	2.421560	0.000000
7.000000	9.222000	2.474816	9.052000	2.482196	0.000000	9.134000	2.565160	9.253000	2.502197	0.000000
8.000000	9.823000	2.577144	9.701000	2.541181	0.000000	9.758000	2.590644	9.873000	2.601705	0.000000
9.000000	10.275000	2.639579	10.212000	2.597510	0.000000	10.274000	2.595944	10.344000	2.660388	0.000000
10.000000	10.613000	2.629683	10.685000	2.643440	0.000000	10.740000	2.611972	10.630000	2.645581	0.000000
11.000000	11.054000	2.604051	11.035000	2.671661	0.000000	11.081000	2.645456	10.991000	2.611689	0.000000
12.000000	11.331000	2.617143	11.421000	2.722822	0.000000	11.339000	2.638196	11.297000	2.562185	0.000000
13.000000	11.517000	2.639642	11.627000	2.764032	0.000000	11.624000	2.659064	11.465000	2.683426	0.000000
14.000000	11.729000	2.683572	11.793000	2.685917	0.000000	11.719000	2.652930	11.697000	2.730786	0.000000
15.000000	11.919000	2.683363	11.889000	2.620435	0.000000	11.865000	2.677457	11.810000	2.766207	0.000000
16.000000	12.055000	2.712559	12.005000	2.583984	0.000000	11.927000	2.680983	11.914000	2.745288	0.000000
17.000000	12.136000	2.676099	12.076000	2.531842	0.000000	12.018000	2.703641	11.975000	2.753611	0.000000
18.000000	12.203000	2.617593	12.072000	2.549278	0.000000	12.108000	2.752514	12.042000	2.777811	0.000000
19.000000	12.227000	2.695083	12.165000	2.580266	0.000000	12.113000	2.759390	12.112000	2.761061	0.000000
20.000000	12.337000	2.660344	12.279000	2.606369	0.000000	12.176000	2.763878	12.180000	2.789552	0.000000
21.000000	12.338000	2.665287	12.253000	2.584374	0.000000	12.130000	2.732965	12.247000	2.725801	0.000000
22.000000	12.390000	2.584937	12.236000	2.613485	0.000000	12.152000	2.695347	12.260000	2.770271	0.000000
23.000000	12.438000	2.618808	12.348000	2.648942	0.000000	12.214000	2.693363	12.223000	2.760303	0.000000
24.000000	12.403000	2.576158	12.373000	2.700346	0.000000	12.173000	2.720859	12.173000	2.751558	0.000000
25.000000	12.430000	2.658402	12.342000	2.674142	0.000000	12.175000	2.688564	12.113000	2.678849	0.000000
26.000000	12.362000	2.690159	12.288000	2.703896	0.000000	12.183000	2.738158	12.105000	2.660446	0.000000
27.000000	12.404000	2.699034	12.308000	2.656151	0.000000	12.169000	2.715592	12.151000	2.692248	0.000000
28.000000	12.379000	2.756331	12.471000	2.726015	0.000000	12.156000	2.720232	12.172000	2.662408	0.000000
29.000000	12.316000	2.760823	12.439000	2.694119	0.000000	12.087000	2.791672	12.095000	2.662325	0.000000
30.000000	12.272000	2.773809	12.494000	2.676185	0.000000	12.046000	2.736400	12.058000	2.745293	0.000000
31.000000	12.212000	2.690921	12.428000	2.762031	0.000000	12.015000	2.751868	12.109000	2.673784	0.000000
32.000000	12.192000	2.728944	12.400000	2.753906	0.000000	11.965000	2.725394	12.043000	2.703544	0.000000
33.000000	12.172000	2.763407	12.443000	2.742034	0.000000	11.901000	2.687229	12.073000	2.795294	0.000000
34.000000	12.172000	2.742338	12.399000	2.693288	0.000000	11.845000	2.711637	12.038000	2.749647	0.000000
35.000000	12.193000	2.752045	12.337000	2.615231	0.000000	11.817000	2.754907	11.949000	2.762318	0.000000
36.000000	12.139000	2.709553	12.243000	2.632100	0.000000	11.806000	2.741599	11.899000	2.753688	0.000000
37.000000	12.070000	2.755558	12.215000	2.699403	0.000000	11.794000	2.667876	11.899000	2.757317	0.000000
38.000000	12.123000	2.741509	12.156000	2.639633	0.000000	11.710000	2.656671	11.874000	2.765524	0.000000
39.000000	12.123000	2.740779	12.126000	2.654830	0.000000	11.673000	2.670968	11.798000	2.760651	0.000000
40.000000	12.089000	2.712394	12.119000	2.650441	0.000000	11.623000	2.689772	11.749000	2.751363	0.000000
41.000000	12.066000	2.743655	12.162000	2.676893	0.000000	11.679000	2.738605	11.649000	2.806742	0.000000
42.000000	12.022000	2.730113	12.099000	2.712047	0.000000	11.583000	2.726373	11.609000	2.756106	0.000000
43.000000	11.951000	2.670693	12.099000	2.689461	0.000000	11.617000	2.712621	11.526000	2.752331	0.000000
44.000000	11.916000	2.723774	12.007000	2.690158	0.000000	11.567000	2.735601	11.494000	2.616097	0.000000
45.000000	11.911000	2.698347	11.977000	2.702308	0.000000	11.538000	2.746371	11.506000	2.643854	0.000000
46.000000	11.822000	2.700429	11.895000	2.669827	0.000000	11.535000	2.779348	11.561000	2.666136	0.000000
47.000000	11.841000	2.633955	11.884000	2.703062	0.000000	11.520000	2.749836	11.502000	2.710719	0.000000
48.000000	11.861000	2.670520	11.870000	2.704644	0.000000	11.522000	2.799199	11.518000	2.730875	0.000000
49.000000	11.893000	2.699176	11.857000	2.717821	0.000000	11.580000	2.825173	11.494000	2.707760	0.000000
50.000000	11.872000	2.687679	11.859000	2.667418	0.000000	11.528000	2.726759	11.416000	2.706463	0.000000
51.000000	11.855000	2.700736	11.806000	2.689305	0.000000	11.518000	2.698087	11.476000	2.688387	0.000000
52.000000	11.800000	2.656313	11.842000	2.738802	0.000000	11.525000	2.704325	11.475000	2.731186	0.000000
53.000000	11.795000	2.678241	11.832000	2.738937	0.000000	11.519000	2.638871	11.371000	2.712077	0.000000
54.000000	11.748000	2.573421	11.785000	2.640223	0.000000	11.494000	2.608058	11.410000	2.713651	0.000000
55.000000	11.788000	2.575084	11.787000	2.618708	0.000000	11.474000	2.627418	11.389000	2.626724	0.000000
56.000000	11.736000	2.567548	11.821000	2.652727	0.000000	11.460000	2.726610	11.381000	2.603428	0.000000
57.000000	11.754000	2.592197	11.785000	2.594759	0.000000	11.452000	2.712876	11.381000	2.637013	0.000000
58.000000	11.816000	2.606174	11.789000	2.593931	0.000000	11.413000	2.740881	11.329000	2.690494	0.000000
59.000000	11.798000	2.611359	11.778000	2.601676	0.000000	11.347000	2.688976	11.337000	2.720190	0.000000
60.000000	11.788000	2.697602	11.783000	2.573307	0.000000	11.354000	2.670334	11.344000	2.718026	0.000000
61.000000	11.718000	2.726990	11.762000	2.550168	0.000000	11.416000	2.653478	11.299000	2.675369	0.000000
62.000000	11.661000	2.701126	11.723000	2.570267	0.000000	11.348000	2.669999	11.260000	2.658270	0.000000
63.000000	11.633000	2.634447	11.717000	2.630382	0.000000	11.365000	2.697364	11.211000	2.750723	0.000000
64.000000	11.640000	2.591216	11.746000	2.707302	0.000000	11.283000	2.687547	11.225000	2.741236	0.000000
65.000000	11.652000	2.594012	11.670000	2.681250	0.000000	11.251000	2.729835	11.155000	2.775423	0.000000
66.000000	11.641000	2.648041	11.696000	2.641890	0.000000	11.286000	2.725106	11.206000	2.787752	0.000000
67.000000	11.642000	2.676908	11.719000	2.654061	0.000000	11.223000	2.702826	11.174000	2.742576	0.000000
68.000000	11.587000	2.618097	11.735000	2.620072	0.000000	11.226000	2.676364	11.112000	2.658845	0.000000
69.000000	11.626000	2.652946	11.750000	2.657725	0.000000	11.203000	2.717313	11.163000	2.660156	0.000000
70.000000	11.572000	2.727419	11.670000	2.603286	0.000000	11.095000	2.694063	11.218000	2.663170	0.000000
71.000000	11.542000	2.637468	11.693000	2.576577	0.000000	11.038000	2.642074	11.208000	2.662092	0.000000
72.000000	11.596000	2.597072	11.654000	2.584238	0.000000	11.084000	2.569230	11.166000	2.636749	0.000000
73.000000	11.607000	2.703803	11.670000	2.585943	0.000000	11.095000	2.564366	11.116000	2.666185	0.000000
74.000000	11.568000	2.659582	11.663000	2.552534	0.000000	11.085000	2.599187	11.092000	2.652835	0.000000
75.000000	11.604000	2.699849	11.583000	2.649360	0.000000	11.089000	2.602514	11.083000	2.637823	0.000000
76.000000	11.551000	2.692099	11.591000	2.578317	0.000000	11.038000	2.622700	11.068000	2.689122	0.000000
77.000000	11.518000	2.700681	11.542000	2.613472	0.000000	11.101000	2.682685	11.009000	2.649702	0.000000
78.000000	11.464000	2.617003	11.504000	2.660448	0.000000	11.099000	2.750127	10.993000	2.664010	0.000000
79.000000	11.464000	2.644750	11.475000	2.656948	0.000000	11.018000	2.730875	10.966000	2.614353	0.000000
80.000000	11.515000	2.645709	11.488000	2.662303	0.000000	11.025000	2.698588	10.944000	2.602088	0.000000
81.000000	11.495000	2.655179	11.484000	2.648347	0.000000	11.013000	2.801220	10.902000	2.630284	0.000000
82.000000	11.512000	2.671677	11.472000	2.636516	0.000000	11.013000	2.807638	10.905000	2.674318	0.000000
83.000000	11.457000	2.705208	11.421000	2.635860	0.000000	11.086000	2.853174	10.942000	2.768508	0.000000
84.000000	11.431000	2.731893	11.413000	2.637505	0.000000	11.054000	2.805545	11.011000	2.710513	0.000000
85.000000	11.409000	2.668280	11.434000	2.630522	0.000000	11.017000	2.763098	11.001000	2.678992	0.000000
86.000000	11.429000	2.656494	11.433000	2.659983	0.000000	11.001000	2.703146	10.996000	2.645748	0.000000
87.000000	11.515000	2.632447	11.352000	2.657084	0.000000	11.009000	2.631524	10.994000	2.639311	0.000000
88.000000	11.487000	2.611481	11.316000	2.648045	0.000000	10.984000	2.615290	10.972000	2.605612	0.000000
89.000000	11.543000	2.626814	11.379000	2.635784	0.000000	10.998000	2.550685	10.923000	2.658396	0.000000
90.000000	11.486000	2.594572	11.456000	2.617263	0.000000	10.976000	2.664474	10.829000	2.621785	0.000000
91.000000	11.505000	2.599995	11.385000	2.637570	0.000000	10.971000	2.682193	10.775000	2.715580	0.000000
92.000000	11.467000	2.641006	11.348000	2.573110	0.000000	10.902000	2.727342	10.760000	2.761956	0.000000
93.000000	11.486000	2.646470	11.329000	2.603221	0.000000	10.937000	2.696485	10.757000	2.753171	0.000000
94.000000	11.484000	2.608399	11.321000	2.596913	0.000000	10.969000	2.770206	10.738000	2.764300	0.000000
95.000000	11.562000	2.651444	11.244000	2.573026	0.000000	10.984000	2.669034	10.774000	2.733299	0.000000
96.000000	11.537000	2.739458	11.250000	2.615244	0.000000	10.978000	2.740715	10.793000	2.747754	0.000000
97.000000	11.416000	2.692386	11.303000	2.641816	0.000000	10.969000	2.678066	10.759000	2.766029	0.000000
98.000000	11.378000	2.632701	11.343000	2.592171	0.000000	10.896000	2.715729	10.779000	2.683684	0.000000
99.000000	11.337000	2.638452	11.344000	2.587598	0.000000	10.845000	2.714954	10.825000	2.703401	0.000000
100.000000	11.312000	2.681167	11.300000	2.571381	0.000000	10.881000	2.792282	10.875000	2.693952	0.000000
101.000000	11.264000	2.674379	11.249000	2.557147	0.000000	10.845000	2.758075	10.856000	2.709846	0.000000
102.000000	11.230000	2.745742	11.154000	2.549173	0.000000	10.843000	2.704875	10.854000	2.676693	0.000000
103.000000	11.188000	2.750392	11.144000	2.536782	0.000000	10.847000	2.748744	10.845000	2.731845	0.000000
104.000000	11.206000	2.717639	11.108000	2.561706	0.000000	10.869000	2.731271	10.912000	2.790028	0.000000
105.000000	11.202000	2.705032	11.232000	2.539326	0.000000	10.888000	2.672724	10.887000	2.751769	0.000000
106.000000	11.242000	2.658465	11.218000	2.581177	0.000000	10.794000	2.624036	10.867000	2.688366	0.000000
107.000000	11.253000	2.680110	11.201000	2.521626	0.000000	10.658000	2.639514	10.828000	2.721106	0.000000
108.000000	11.231000	2.610678	11.209000	2.506256	0.000000	10.631000	2.593229	10.797000	2.754231	0.000000
109.000000	11.231000	2.614888	11.185000	2.477655	0.000000	10.691000	2.682446	10.799000	2.774635	0.000000
110.000000	11.230000	2.635356	11.142000	2.539259	0.000000	10.750000	2.719099	10.791000	2.744689	0.000000
111.000000	11.226000	2.634943	11.187000	2.631735	0.000000	10.771000	2.755097	10.786000	2.774203	0.000000
112.000000	11.239000	2.600361	11.138000	2.606714	0.000000	10.711000	2.732303	10.814000	2.673463	0.000000
113.000000	11.267000	2.606475	11.108000	2.580763	0.000000	10.703000	2.740217	10.783000	2.650644	0.000000
114.000000	11.229000	2.605102	11.119000	2.555942	0.000000	10.706000	2.709532	10.785000	2.595530	0.000000
115.000000	11.179000	2.636088	11.181000	2.576090	0.000000	10.767000	2.680804	10.754000	2.585244	0.000000
116.000000	11.150000	2.630874	11.147000	2.561131	0.000000	10.695000	2.662701	10.720000	2.615645	0.000000
117.000000	11.136000	2.692490	11.216000	2.611004	0.000000	10.699000	2.662029	10.640000	2.621145	0.000000
118.000000	11.146000	2.710846	11.264000	2.677369	0.000000	10.694000	2.640523	10.689000	2.610417	0.000000
119.000000	11.141000	2.707235	11.364000	2.677593	0.000000	10.694000	2.597761	10.744000	2.672165	0.000000
120.000000	11.172000	2.683732	11.340000	2.728809	0.000000	10.715000	2.631307	10.724000	2.697744	0.000000
121.000000	11.206000	2.603376	11.353000	2.660149	0.000000	10.664000	2.544623	10.688000	2.611256	0.000000
122.000000	11.252000	2.605090	11.294000	2.606447	0.000000	10.678000	2.571442	10.670000	2.644825	0.000000
123.000000	11.260000	2.640152	11.295000	2.587272	0.000000	10.598000	2.502078	10.699000	2.645071	0.000000
124.000000	11.274000	2.723036	11.221000	2.590011	0.000000	10.587000	2.584653	10.619000	2.657788	0.000000
125.000000	11.281000	2.729110	11.246000	2.592968	0.000000	10.620000	2.611053	10.593000	2.665962	0.000000
126.000000	11.243000	2.738239	11.233000	2.641725	0.000000	10.676000	2.622789	10.593000	2.704691	0.000000
127.000000	11.198000	2.732178	11.269000	2.618137	0.000000	10.730000	2.604055	10.671000	2.727775	0.000000
128.000000	11.188000	2.742381	11.259000	2.590351	0.000000	10.731000	2.558640	10.669000	2.748352	0.000000
129.000000	11.143000	2.701213	11.178000	2.619602	0.000000	10.723000	2.663507	10.690000	2.778831	0.000000
130.000000	11.165000	2.576000	11.182000	2.602091	0.000000	10.686000	2.653941	10.685000	2.735283	0.000000
131.000000	11.198000	2.620076	11.158000	2.645569	0.000000	10.704000	2.617324	10.679000	2.751719	0.000000
132.000000	11.167000	2.622425	11.087000	2.632761	0.000000	10.750000	2.619447	10.703000	2.752960	0.000000
133.000000	11.086000	2.638296	11.114000	2.589402	0.000000	10.753000	2.644615	10.724000	2.759678	0.000000
134.000000	11.066000	2.652856	11.130000	2.440307	0.000000	10.729000	2.661871	10.676000	2.733683	0.000000
135.000000	11.042000	2.674366	11.180000	2.465279	0.000000	10.660000	2.561328	10.616000	2.748917	0.000000
136.000000	11.028000	2.652398	11.160000	2.529506	0.000000	10.676000	2.532790	10.633000	2.738670	0.000000
137.000000	11.011000	2.687914	11.203000	2.566669	0.000000	10.666000	2.566017	10.652000	2.739507	0.000000
138.000000	11.000000	2.700000	11.171000	2.646084	0.000000	10.640000	2.588899	10.649000	2.728333	0.000000
139.000000	11.041000	2.690227	11.170000	2.694272	0.000000	10.658000	2.619740	10.612000	2.737052	0.000000
140.000000	11.036000	2.733990	11.127000	2.786552	0.000000	10.684000	2.570242	10.688000	2.756929	0.000000
141.000000	11.068000	2.745428	11.098000	2.688940	0.000000	10.687000	2.577408	10.683000	2.663177	0.000000
142.000000	11.091000	2.742028	11.051000	2.682610	0.000000	10.677000	2.627293	10.677000	2.614320	0.000000
143.000000	11.104000	2.738464	11.043000	2.676033	0.000000	10.623000	2.644026	10.669000	2.653194	0.000000
144.000000	11.102000	2.704736	11.124000	2.683398	0.000000	10.649000	2.667171	10.705000	2.707023	0.000000
145.000000	11.129000	2.641280	11.174000	2.711406	0.000000	10.620000	2.681716	10.636000	2.640739	0.000000
146.000000	11.174000	2.686954	11.206000	2.664501	0.000000	10.606000	2.620833	10.654000	2.603514	0.000000
147.000000	11.188000	2.623482	11.216000	2.653930	0.000000	10.647000	2.667282	10.581000	2.595658	0.000000
148.000000	11.257000	2.546164	11.251000	2.703701	0.000000	10.671000	2.704581	10.545000	2.637797	0.000000
149.000000	11.179000	2.585529	11.280000	2.693993	0.000000	10.711000	2.729373	10.546000	2.616846	0.000000
150.000000	11.236000	2.590811	11.266000	2.700601	0.000000	10.611000	2.725010	10.544000	2.676951	0.000000
151.000000	11.206000	2.572074	11.241000	2.718257	0.000000	10.561000	2.669884	10.556000	2.641375	0.000000
152.000000	11.206000	2.602991	11.239000	2.723945	0.000000	10.518000	2.658134	10.531000	2.597891	0.000000
153.000000	11.241000	2.594401	11.241000	2.713470	0.000000	10.509000	2.626008	10.479000	2.550992	0.000000
154.000000	11.193000	2.609933	11.213000	2.687681	0.000000	10.469000	2.541070	10.576000	2.542877	0.000000
155.000000	11.167000	2.615169	11.197000	2.661614	0.000000	10.464000	2.606282	10.624000	2.586624	0.000000
156.000000	11.222000	2.610501	11.233000	2.646641	0.000000	10.486000	2.630172	10.572000	2.628082	0.000000
157.000000	11.196000	2.621371	11.150000	2.628212	0.000000	10.506000	2.569429	10.667000	2.643882	0.000000
158.000000	11.188000	2.582761	11.131000	2.707368	0.000000	10.523000	2.552934	10.620000	2.644920	0.000000
159.000000	11.159000	2.622541	11.110000	2.733843	0.000000	10.507000	2.579525	10.635000	2.688824	0.000000
160.000000	11.175000	2.633320	11.130000	2.677144	0.000000	10.496000	2.550291	10.657000	2.732279	0.000000
161.000000	11.195000	2.726715	11.086000	2.659813	0.000000	10.596000	2.581237	10.561000	2.675496	0.000000
162.000000	11.233000	2.626159	11.087000	2.643753	0.000000	10.596000	2.594375	10.627000	2.672428	0.000000
163.000000	11.216000	2.579408	11.080000	2.630893	0.000000	10.556000	2.597473	10.635000	2.689568	0.000000
164.000000	11.192000	2.551693	11.086000	2.689350	0.000000	10.586000	2.620039	10.616000	2.663559	0.000000
165.000000	11.170000	2.589421	11.120000	2.693622	0.000000	10.577000	2.656703	10.640000	2.683356	0.000000
166.000000	11.160000	2.578449	11.101000	2.650056	0.000000	10.598000	2.612354	10.678000	2.693384	0.000000
167.000000	11.141000	2.525296	11.105000	2.604606	0.000000	10.592000	2.606825	10.726000	2.681590	0.000000
168.000000	11.139000	2.556889	11.068000	2.605643	0.000000	10.627000	2.669058	10.759000	2.703131	0.000000
169.000000	11.149000	2.650811	11.009000	2.660248	0.000000	10.696000	2.670877	10.743000	2.682341	0.000000
170.000000	11.182000	2.626571	11.050000	2.706936	0.000000	10.638000	2.725244	10.707000	2.703914	0.000000
171.000000	11.159000	2.642294	10.958000	2.715186	0.000000	10.648000	2.655578	10.693000	2.738020	0.000000
172.000000	11.076000	2.582290	10.939000	2.689476	0.000000	10.598000	2.588899	10.699000	2.717057	0.000000
173.000000	11.143000	2.534275	10.941000	2.666743	0.000000	10.638000	2.600184	10.703000	2.709758	0.000000
174.000000	11.123000	2.581447	10.986000	2.594572	0.000000	10.641000	2.602330	10.688000	2.708626	0.000000
175.000000	11.085000	2.601495	10.974000	2.621321	0.000000	10.614000	2.548922	10.617000	2.653735	0.000000
176.000000	11.068000	2.672335	10.959000	2.641083	0.000000	10.607000	2.583128	10.628000	2.640760	0.000000
177.000000	11.099000	2.644088	10.964000	2.623872	0.000000	10.663000	2.618670	10.586000	2.625377	0.000000
178.000000	11.137000	2.557779	11.048000	2.710663	0.000000	10.577000	2.630603	10.630000	2.599058	0.000000
179.000000	11.159000	2.550239	11.134000	2.652931	0.000000	10.512000	2.719900	10.634000	2.669465	0.000000
180.000000	11.118000	2.581875	11.074000	2.583123	0.000000	10.538000	2.766325	10.687000	2.706110	0.000000
181.000000	11.098000	2.569902	11.113000	2.548770	0.000000	10.558000	2.703079	10.690000	2.722848	0.000000
182.000000	11.118000	2.557748	11.163000	2.600852	0.000000	10.534000	2.695337	10.738000	2.718337	0.000000
183.000000	11.156000	2.569370	11.199000	2.596035	0.000000	10.614000	2.680486	10.703000	2.713815	0.000000
184.000000	11.112000	2.624777	11.162000	2.710674	0.000000	10.565000	2.726862	10.677000	2.701235	0.000000
185.000000	11.147000	2.618280	11.174000	2.672400	0.000000	10.545000	2.696289	10.622000	2.728207	0.000000
186.000000	11.143000	2.644721	11.190000	2.645732	0.000000	10.555000	2.729647	10.627000	2.664934	0.000000
187.000000	11.125000	2.682420	11.170000	2.630798	0.000000	10.611000	2.740379	10.607000	2.667312	0.000000
188.000000	11.159000	2.667156	11.177000	2.674261	0.000000	10.625000	2.751068	10.592000	2.721311	0.000000
189.000000	11.109000	2.589038	11.095000	2.692949	0.000000	10.544000	2.743003	10.663000	2.647155	0.000000
190.000000	11.064000	2.534937	11.122000	2.724173	0.000000	10.484000	2.698100	10.617000	2.699317	0.000000
191.000000	11.046000	2.573691	11.139000	2.711767	0.000000	10.502000	2.661202	10.569000	2.657675	0.000000
192.000000	11.080000	2.577906	11.108000	2.661266	0.000000	10.535000	2.608596	10.497000	2.704809	0.000000
193.000000	11.120000	2.563513	11.099000	2.620534	0.000000	10.585000	2.587426	10.519000	2.729769	0.000000
194.000000	11.085000	2.585687	11.133000	2.557599	0.000000	10.588000	2.581522	10.561000	2.691148	0.000000
195.000000	11.074000	2.567981	11.134000	2.595774	0.000000	10.646000	2.573846	10.481000	2.695114	0.000000
196.000000	11.111000	2.606277	11.195000	2.640639	0.000000	10.626000	2.607705	10.512000	2.666431	0.000000
197.000000	11.108000	2.642789	11.212000	2.624701	0.000000	10.627000	2.581060	10.576000	2.688164	0.000000
198.000000	11.157000	2.614259	11.161000	2.622037	0.000000	10.671000	2.687147	10.537000	2.698264	0.000000
199.000000	11.210000	2.513145	11.176000	2.624695	0.000000	10.611000	2.742568	10.565000	2.691055	0.000000
